{
 "cells": [
  {
   "metadata": {},
   "cell_type": "markdown",
   "source": [
    "Name: Dev Patel \n",
    "\n",
    "Course: DS4400 Data Mining and Machine Learning 1\n",
    "\n",
    "Prof: Silvio Amir\n",
    "\n",
    "University: Northeastern University \n",
    "\n"
   ],
   "id": "b53f92e8f85aad39"
  },
  {
   "metadata": {},
   "cell_type": "markdown",
   "source": [
    "Problem 4.2: Generate at random 3 matrices of size $3 \\times 3$ and fill each entry with a random integer chosen from -10 to 10. Use an existing package to compute the inverse of each matrix if it exists. Include in your report:\n",
    "\n",
    "    - Each of the 3 matrices\n",
    "    \n",
    "    - The inverses computed with the package\n",
    "    \n",
    "    - Compute the product of each matrix with its inverse to check that you obtain the identity matrix."
   ],
   "id": "b7685b6503308933"
  },
  {
   "metadata": {
    "ExecuteTime": {
     "end_time": "2026-01-30T16:55:42.929350Z",
     "start_time": "2026-01-30T16:55:42.853348Z"
    }
   },
   "cell_type": "code",
   "source": "import numpy as np",
   "id": "5b1c2d7260e7ed3c",
   "outputs": [],
   "execution_count": 1
  },
  {
   "metadata": {
    "ExecuteTime": {
     "end_time": "2026-01-30T16:55:48.245610Z",
     "start_time": "2026-01-30T16:55:48.242440Z"
    }
   },
   "cell_type": "code",
   "source": "rng = np.random.default_rng(777)",
   "id": "64ae9513d8cbb2ba",
   "outputs": [],
   "execution_count": 2
  },
  {
   "metadata": {
    "ExecuteTime": {
     "end_time": "2026-01-30T16:55:49.805082Z",
     "start_time": "2026-01-30T16:55:49.802602Z"
    }
   },
   "cell_type": "code",
   "source": [
    "def random_matrix():\n",
    "    return rng.integers(low=-10, high=11, size=(3, 3))\n",
    "\n",
    "def show_matrix_blcok(i, A):\n",
    "    print(f\"\\n MATRIX {i}\")\n",
    "    print(A)\n",
    "    \n",
    "    det = round(np.linalg.det(A))\n",
    "    print(f\"det(A) approx {det}\")\n",
    "    \n",
    "    A_inv = np.linalg.inv(A)\n",
    "    print(f\"A_inv approx {A_inv}\")\n",
    "    \n",
    "    prod = A @ A_inv\n",
    "    print(f\"]nA @ A_inv should be identity: {prod}\")\n",
    "    \n",
    "    print(\"\\nCheck allclose to identity:\", np.allclose(prod, np.eye(3)))\n",
    "        \n",
    "\n",
    "        "
   ],
   "id": "2255e0162a65d50f",
   "outputs": [],
   "execution_count": 3
  },
  {
   "metadata": {
    "ExecuteTime": {
     "end_time": "2026-01-30T16:55:51.371437Z",
     "start_time": "2026-01-30T16:55:51.365048Z"
    }
   },
   "cell_type": "code",
   "source": [
    "for i in range(1, 4):\n",
    "    A = random_matrix()\n",
    "    show_matrix_blcok(i,A)"
   ],
   "id": "b40c3e0821230e5e",
   "outputs": [
    {
     "name": "stdout",
     "output_type": "stream",
     "text": [
      "\n",
      " MATRIX 1\n",
      "[[ 9  2 -3]\n",
      " [-2 -8  2]\n",
      " [-1 10 -4]]\n",
      "det(A) approx 172\n",
      "A_inv approx [[ 0.06976744 -0.12790698 -0.11627907]\n",
      " [-0.05813953 -0.22674419 -0.06976744]\n",
      " [-0.1627907  -0.53488372 -0.39534884]]\n",
      "]nA @ A_inv should be identity: [[ 1.00000000e+00  0.00000000e+00 -5.55111512e-17]\n",
      " [ 1.11022302e-16  1.00000000e+00  2.22044605e-16]\n",
      " [-1.11022302e-16  0.00000000e+00  1.00000000e+00]]\n",
      "\n",
      "Check allclose to identity: True\n",
      "\n",
      " MATRIX 2\n",
      "[[-6 -4 -3]\n",
      " [-3  1 -2]\n",
      " [ 1  0  5]]\n",
      "det(A) approx -79\n",
      "A_inv approx [[-0.06329114 -0.25316456 -0.13924051]\n",
      " [-0.16455696  0.34177215  0.03797468]\n",
      " [ 0.01265823  0.05063291  0.2278481 ]]\n",
      "]nA @ A_inv should be identity: [[ 1.00000000e+00 -2.77555756e-16  1.11022302e-16]\n",
      " [ 2.77555756e-17  1.00000000e+00  0.00000000e+00]\n",
      " [-1.38777878e-17  5.55111512e-17  1.00000000e+00]]\n",
      "\n",
      "Check allclose to identity: True\n",
      "\n",
      " MATRIX 3\n",
      "[[-9 -1  9]\n",
      " [-9  2 -7]\n",
      " [ 3  5  0]]\n",
      "det(A) approx -753\n",
      "A_inv approx [[-0.04648074 -0.05976096  0.01460823]\n",
      " [ 0.02788845  0.03585657  0.19123506]\n",
      " [ 0.06772908 -0.05577689  0.03585657]]\n",
      "]nA @ A_inv should be identity: [[ 1.00000000e+00 -5.55111512e-17 -2.08166817e-17]\n",
      " [ 1.11022302e-16  1.00000000e+00 -7.63278329e-17]\n",
      " [-3.46944695e-17  3.46944695e-17  1.00000000e+00]]\n",
      "\n",
      "Check allclose to identity: True\n"
     ]
    }
   ],
   "execution_count": 4
  }
 ],
 "metadata": {
  "kernelspec": {
   "display_name": "Python 3",
   "language": "python",
   "name": "python3"
  },
  "language_info": {
   "codemirror_mode": {
    "name": "ipython",
    "version": 2
   },
   "file_extension": ".py",
   "mimetype": "text/x-python",
   "name": "python",
   "nbconvert_exporter": "python",
   "pygments_lexer": "ipython2",
   "version": "2.7.6"
  }
 },
 "nbformat": 4,
 "nbformat_minor": 5
}
